day,daily_count,n_feeds,cumulative_count
2019-10-02,1,1,1
2019-10-03,1,1,2
2019-10-04,11703,2473,11705
2019-10-05,10376,2325,22081
2019-10-06,7502,1850,29583
2019-10-07,11867,2408,41450
2019-10-08,13940,2521,55390
2019-10-09,14139,2517,69529
2019-10-10,12468,2426,81997
2019-10-11,13361,2521,95358
2019-10-12,7655,2093,103013
2019-10-13,3520,1210,106533
2019-10-14,18296,2548,124829
2019-10-15,12936,2500,137765
2019-10-16,21968,2593,159733
2019-10-17,14096,2534,173829
2019-10-18,15602,2544,189431
2019-10-19,29084,3037,218515
2019-10-20,9279,2130,227794
2019-10-21,18016,2639,245810
2019-10-22,15210,2588,261020
2019-10-23,13347,2482,274367
2019-10-24,18094,2660,292461
2019-10-25,13481,2531,305942
2019-10-26,15497,2552,321439
2019-10-27,7132,1976,328571
2019-10-28,15589,2506,344160
2019-10-29,14744,2513,358904
2019-10-30,15088,2565,373992
2019-10-31,12748,2472,386740
2019-11-01,12365,2390,399105
2019-11-02,13195,2380,412300
2019-11-03,7833,1964,420133
2019-11-04,23975,3046,444108
2019-11-05,15253,2587,459361
2019-11-06,17183,2642,476544
2019-11-07,14870,2596,491414
2019-11-08,21914,2988,513328
2019-11-09,16133,2658,529461
2019-11-10,6667,1924,536128
2019-11-11,15424,2591,551552
2019-11-12,24491,2679,576043
2019-11-13,18938,2621,594981
2019-11-14,17395,2572,612376
2019-11-15,17075,2638,629451
2019-11-16,11454,2361,640905
2019-11-17,10795,2142,651700
2019-11-18,16224,2571,667924
2019-11-19,8760,2218,676684
2019-11-20,29783,3100,706467
2019-11-21,16775,2626,723242
2019-11-22,17706,2669,740948
2019-11-23,10815,2420,751763
2019-11-24,11817,2239,763580
2019-11-25,16728,2637,780308
2019-11-26,17640,2632,797948
2019-11-27,17439,2695,815387
2019-11-28,20142,3021,835529
2019-11-29,17629,2692,853158
2019-11-30,10945,2369,864103
2019-12-01,11392,2262,875495
2019-12-02,16447,2655,891942
2019-12-03,14519,2652,906461
2019-12-04,17368,2695,923829
2019-12-05,16717,2665,940546
2019-12-06,22536,3106,963082
2019-12-07,10896,2433,973978
2019-12-08,11226,2212,985204
2019-12-09,17129,2690,1002333
2019-12-10,17230,2720,1019563
2019-12-11,17620,2713,1037183
2019-12-12,18028,2698,1055211
2019-12-13,17142,2773,1072353
2019-12-14,12074,2689,1084427
2019-12-15,11573,2265,1096000
2019-12-16,16279,2633,1112279
2019-12-17,17248,2727,1129527
2019-12-18,17219,2740,1146746
2019-12-19,16877,2766,1163623
2019-12-20,16897,2732,1180520
2019-12-21,10259,2456,1190779
2019-12-22,15060,2586,1205839
2019-12-23,15021,2584,1220860
2019-12-24,9674,2386,1230534
2019-12-25,6366,1892,1236900
2019-12-26,9572,2229,1246472
2019-12-27,14566,2677,1261038
2019-12-28,10505,2460,1271543
2019-12-29,10004,2299,1281547
2019-12-30,14623,2855,1296170
2019-12-31,9804,2416,1305974
2020-01-01,8884,2185,1314858
2020-01-02,14613,2715,1329471
2020-01-03,15347,2742,1344818
2020-01-04,10202,2507,1355020
2020-01-05,9172,2204,1364192
2020-01-06,13572,2569,1377764
2020-01-07,20257,3032,1398021
2020-01-08,16920,2738,1414941
2020-01-09,16743,2728,1431684
2020-01-10,16068,2688,1447752
2020-01-11,11225,2453,1458977
2020-01-12,12171,2326,1471148
2020-01-13,16917,2700,1488065
2020-01-14,17602,2796,1505667
2020-01-15,17746,2929,1523413
2020-01-16,17049,2734,1540462
2020-01-17,14847,2683,1555309
2020-01-18,11579,2547,1566888
2020-01-19,11510,2350,1578398
2020-01-20,16601,2748,1594999
2020-01-21,17623,2753,1612622
2020-01-22,16677,2798,1629299
2020-01-23,20948,3069,1650247
2020-01-24,17146,2797,1667393
2020-01-25,11104,2518,1678497
2020-01-26,11513,2274,1690010
2020-01-27,16617,2723,1706627
2020-01-28,17437,2780,1724064
2020-01-29,17336,2746,1741400
2020-01-30,17739,2815,1759139
2020-01-31,17764,2894,1776903
2020-02-01,10761,2449,1787664
2020-02-02,11641,2254,1799305
2020-02-03,16111,2743,1815416
2020-02-04,16465,2770,1831881
2020-02-05,17401,2766,1849282
2020-02-06,9020,2477,1858302
2020-02-08,4,1,1858306
2020-02-09,29158,3091,1887464
2020-02-10,29709,3371,1917173
2020-02-11,18698,2812,1935871
2020-02-12,8874,2453,1944745
2020-02-13,10,1,1944755
2020-02-14,32448,3002,1977203
2020-02-15,12778,2718,1989981
2020-02-16,11166,2483,2001147
2020-02-17,16681,2729,2017828
2020-02-18,16797,2727,2034625
2020-02-19,17590,2810,2052215
2020-02-20,15639,2807,2067854
2020-02-21,28349,2918,2096203
2020-02-22,7279,1711,2103482
2020-02-23,10617,2212,2114099
2020-02-24,13842,2431,2127941
2020-02-25,14710,2461,2142651
2020-02-26,15874,2645,2158525
2020-02-27,14803,2448,2173328
2020-02-28,15121,2467,2188449
2020-02-29,7278,1682,2195727
2020-03-01,10402,2215,2206129
2020-03-02,14576,2427,2220705
2020-03-03,15576,2461,2236281
2020-03-04,15713,2429,2251994
2020-03-05,15442,2481,2267436
2020-03-06,14914,2419,2282350
2020-03-07,7214,1697,2289564
2020-03-08,10499,2207,2300063
2020-03-09,14848,2410,2314911
2020-03-10,16033,2451,2330944
2020-03-11,16032,2453,2346976
2020-03-12,16265,2559,2363241
2020-03-13,16242,2633,2379483
2020-03-14,6965,1695,2386448
2020-03-15,9168,2151,2395616
2020-03-16,15506,2385,2411122
2020-03-17,14902,2382,2426024
2020-03-18,14559,2358,2440583
2020-03-19,14454,2399,2455037
2020-03-20,14333,2343,2469370
2020-03-21,6072,1712,2475442
2020-03-22,8924,2128,2484366
2020-03-23,13252,2338,2497618
2020-03-24,13761,2354,2511379
2020-03-25,12915,2384,2524294
2020-03-26,16024,2457,2540318
2020-03-27,15716,2699,2556034
2020-03-28,7876,1940,2563910
2020-03-29,12351,2567,2576261
2020-03-30,15256,2641,2591517
2020-03-31,16282,2866,2607799
2020-04-01,13893,2878,2621692
2020-04-02,18078,2931,2639770
2020-04-03,14391,2667,2654161
2020-04-04,7907,1869,2662068
2020-04-05,9840,2263,2671908
2020-04-06,14875,2680,2686783
2020-04-07,13464,2660,2700247
2020-04-08,16108,2701,2716355
2020-04-09,12639,2349,2728994
2020-04-10,10274,2304,2739268
2020-04-11,7887,1903,2747155
2020-04-12,6521,1911,2753676
2020-04-13,10314,2501,2763990
2020-04-14,18313,2979,2782303
2020-04-15,18198,2686,2800501
2020-04-16,16330,2766,2816831
2020-04-17,15848,2707,2832679
2020-04-18,9084,1987,2841763
2020-04-19,9925,2365,2851688
2020-04-20,13542,2697,2865230
2020-04-21,16879,2750,2882109
2020-04-22,16629,2758,2898738
2020-04-23,18169,2735,2916907
2020-04-24,16987,2762,2933894
2020-04-25,8001,1935,2941895
2020-04-26,10470,2404,2952365
2020-04-27,15537,2722,2967902
2020-04-28,14565,2748,2982467
2020-04-29,16731,2781,2999198
2020-04-30,15658,2666,3014856
2020-05-01,11033,2388,3025889
2020-05-02,7879,1925,3033768
2020-05-03,10228,2328,3043996
2020-05-04,16965,2751,3060961
2020-05-05,16847,2753,3077808
2020-05-06,16913,2794,3094721
2020-05-07,16766,2793,3111487
2020-05-08,16276,2756,3127763
2020-05-09,8186,1925,3135949
2020-05-10,10332,2406,3146281
2020-05-11,15676,2729,3161957
2020-05-12,15791,2739,3177748
2020-05-13,16218,2712,3193966
2020-05-14,15997,2730,3209963
2020-05-15,15846,2752,3225809
2020-05-16,9096,2122,3234905
2020-05-17,10105,2319,3245010
2020-05-18,15584,2723,3260594
2020-05-19,15926,2719,3276520
2020-05-20,15669,2662,3292189
2020-05-21,10202,2427,3302391
2020-05-22,17355,2966,3319746
2020-05-23,9784,2042,3329530
2020-05-24,11455,2479,3340985
2020-05-25,15539,2879,3356524
2020-05-26,17623,2939,3374147
2020-05-27,16810,2919,3390957
2020-05-28,18925,2966,3409882
2020-05-29,18612,2983,3428494
2020-05-30,9843,2023,3438337
2020-05-31,8204,1849,3446541
2020-06-01,12843,2698,3459384
2020-06-02,17985,2915,3477369
2020-06-03,18848,2990,3496217
2020-06-04,18880,2925,3515097
2020-06-05,19468,3003,3534565
2020-06-06,9879,2073,3544444
2020-06-07,11962,2487,3556406
2020-06-08,17176,2956,3573582
2020-06-09,17862,2901,3591444
2020-06-10,16522,2658,3607966
2020-06-11,13704,2588,3621670
2020-06-12,17327,2913,3638997
2020-06-13,9145,2099,3648142
2020-06-14,11169,2490,3659311
2020-06-15,17226,2908,3676537
2020-06-16,18060,2908,3694597
2020-06-17,19736,3186,3714333
2020-06-18,18276,2937,3732609
2020-06-19,18131,3011,3750740
2020-06-20,9414,2082,3760154
2020-06-21,12402,2520,3772556
2020-06-22,17610,2906,3790166
2020-06-23,18304,2961,3808470
2020-06-24,18057,2932,3826527
2020-06-25,18080,2943,3844607
2020-06-26,18189,2963,3862796
2020-06-27,9330,2057,3872126
2020-06-28,11392,2485,3883518
2020-06-29,17792,2903,3901310
2020-06-30,18251,2920,3919561
2020-07-01,18962,2965,3938523
2020-07-02,18545,2933,3957068
2020-07-03,19024,3123,3976092
2020-07-04,9399,2067,3985491
2020-07-05,11333,2473,3996824
2020-07-06,17901,2995,4014725
2020-07-07,18692,2946,4033417
2020-07-08,18356,2960,4051773
2020-07-09,18216,2967,4069989
2020-07-10,18074,2950,4088063
2020-07-11,9424,2032,4097487
2020-07-12,11317,2516,4108804
2020-07-13,17268,2970,4126072
2020-07-14,17870,2942,4143942
2020-07-15,18072,2939,4162014
2020-07-16,18707,2954,4180721
2020-07-17,17537,2967,4198258
2020-07-18,9622,2081,4207880
2020-07-19,12461,2709,4220341
2020-07-20,17033,2957,4237374
2020-07-21,15093,2918,4252467
2020-07-22,15411,2886,4267878
2020-07-23,19158,2984,4287036
2020-07-24,17423,2920,4304459
2020-07-25,9089,2103,4313548
2020-07-26,11554,2487,4325102
2020-07-27,17254,2940,4342356
2020-07-28,17680,2903,4360036
2020-07-29,17997,2922,4378033
2020-07-30,17822,2946,4395855
2020-07-31,17381,2916,4413236
2020-08-01,9390,2059,4422626
2020-08-02,11442,2483,4434068
2020-08-03,17127,2953,4451195
2020-08-04,18898,3146,4470093
2020-08-05,17882,2928,4487975
2020-08-06,17715,2916,4505690
2020-08-07,17660,2901,4523350
2020-08-08,10233,2100,4533583
2020-08-09,11301,2474,4544884
2020-08-10,17553,2892,4562437
2020-08-11,17638,2916,4580075
2020-08-12,18584,2942,4598659
2020-08-13,17957,2941,4616616
2020-08-14,16870,2848,4633486
2020-08-15,9490,2088,4642976
2020-08-16,11344,2514,4654320
2020-08-17,14993,2479,4669313
2020-08-18,3,2,4669316
2020-08-21,8182,2333,4677498
2020-08-22,4862,1721,4682360
2020-08-23,12509,2597,4694869
2020-08-24,20679,3230,4715548
2020-08-25,18779,2943,4734327
2020-08-26,18295,2965,4752622
2020-08-27,18241,3002,4770863
2020-08-28,18633,2924,4789496
2020-08-29,9645,2055,4799141
2020-08-30,11733,2495,4810874
2020-08-31,17883,2925,4828757
2020-09-01,18651,2921,4847408
2020-09-02,18789,2955,4866197
2020-09-03,18061,2907,4884258
2020-09-04,17942,2904,4902200
2020-09-05,9838,2042,4912038
2020-09-06,12337,2468,4924375
2020-09-07,18145,2924,4942520
2020-09-08,18594,2933,4961114
2020-09-09,21230,3232,4982344
2020-09-10,18999,2950,5001343
2020-09-11,18795,2992,5020138
2020-09-12,10452,2100,5030590
2020-09-13,13706,2601,5044296
2020-09-14,19008,2969,5063304
2020-09-15,19024,2918,5082328
2020-09-16,19351,2925,5101679
2020-09-17,18764,2935,5120443
2020-09-18,19359,2897,5139802
2020-09-19,10007,2084,5149809
2020-09-20,12702,2560,5162511
2020-09-21,18396,2934,5180907
2020-09-22,18727,2894,5199634
2020-09-23,19487,2945,5219121
2020-09-24,19530,2904,5238651
2020-09-25,21862,3188,5260513
2020-09-26,10121,2102,5270634
2020-09-27,13780,2552,5284414
2020-09-28,18645,2911,5303059
2020-09-29,19346,2908,5322405
2020-09-30,19283,2911,5341688
2020-10-01,19284,2937,5360972
2020-10-02,15836,2507,5376808
2020-10-03,9040,1980,5385848
2020-10-04,12454,2481,5398302
2020-10-05,18964,2951,5417266
2020-10-06,19635,2911,5436901
2020-10-07,19656,2930,5456557
2020-10-08,18910,2908,5475467
2020-10-09,18893,2918,5494360
2020-10-10,9797,2091,5504157
2020-10-11,14677,2824,5518834
2020-10-12,18083,2928,5536917
2020-10-13,18714,2939,5555631
2020-10-14,18381,2859,5574012
2020-10-15,6837,1901,5580849
2020-10-16,1,1,5580850
2020-10-17,2972,1310,5583822
2020-10-18,6578,1999,5590400
2020-10-19,18362,3038,5608762
2020-10-20,19613,2944,5628375
2020-10-21,18889,2902,5647264
2020-10-22,19727,2918,5666991
2020-10-23,18036,2914,5685027
2020-10-24,11328,2172,5696355
2020-10-25,12330,2512,5708685
2020-10-26,17435,2846,5726120
2020-10-27,21083,3168,5747203
2020-10-28,18659,2948,5765862
2020-10-29,19247,2970,5785109
2020-10-30,17639,2875,5802748
2020-10-31,9248,2077,5811996
2020-11-01,12188,2493,5824184
2020-11-02,17525,2855,5841709
2020-11-03,18597,2878,5860306
2020-11-04,18707,3020,5879013
2020-11-05,18370,2933,5897383
2020-11-06,18735,2898,5916118
2020-11-07,9842,2039,5925960
2020-11-08,11461,2459,5937421
2020-11-09,18122,2898,5955543
2020-11-10,17952,2897,5973495
2020-11-11,18522,2889,5992017
2020-11-12,19933,3143,6011950
2020-11-13,18741,2896,6030691
2020-11-14,9835,2116,6040526
2020-11-15,11760,2441,6052286
2020-11-16,19012,2896,6071298
2020-11-17,20447,3018,6091745
2020-11-18,18749,2877,6110494
2020-11-19,18237,2859,6128731
2020-11-20,18819,2908,6147550
2020-11-21,10167,2061,6157717
2020-11-22,11873,2444,6169590
2020-11-23,18359,2922,6187949
2020-11-24,19235,2967,6207184
2020-11-25,18973,3094,6226157
2020-11-26,17128,2966,6243285
2020-11-27,24498,2990,6267783
2020-11-28,14625,2431,6282408
2020-11-29,15921,2864,6298329
2020-11-30,20603,3131,6318932
2020-12-01,19385,2991,6338317
2020-12-02,19326,2934,6357643
2020-12-03,19277,2959,6376920
2020-12-04,19259,2955,6396179
2020-12-05,9948,2133,6406127
2020-12-06,12153,2511,6418280
2020-12-07,18118,2922,6436398
2020-12-08,18007,2830,6454405
2020-12-09,19244,2871,6473649
2020-12-10,19566,2922,6493215
2020-12-11,19038,2922,6512253
2020-12-12,10141,2097,6522394
2020-12-13,12345,2512,6534739
2020-12-14,19208,3040,6553947
2020-12-15,20624,3117,6574571
2020-12-16,19476,3028,6594047
2020-12-17,19070,2931,6613117
2020-12-18,18769,2863,6631886
2020-12-19,9792,2118,6641678
2020-12-20,11916,2480,6653594
2020-12-21,17379,2850,6670973
2020-12-22,17848,2884,6688821
2020-12-23,17126,2817,6705947
2020-12-24,8892,2127,6714839
2020-12-25,6800,1815,6721639
2020-12-26,7249,1873,6728888
2020-12-27,10378,2398,6739266
2020-12-28,15731,2725,6754997
2020-12-29,15399,2742,6770396
2020-12-30,16326,2840,6786722
2020-12-31,10989,2353,6797711
2021-01-01,11190,2497,6808901
2021-01-02,8251,1964,6817152
2021-01-03,10552,2348,6827704
2021-01-04,15793,2726,6843497
2021-01-05,15504,2676,6859001
2021-01-06,14934,2666,6873935
2021-01-07,16990,2795,6890925
2021-01-08,17451,2841,6908376
2021-01-09,9323,2051,6917699
2021-01-10,11027,2383,6928726
2021-01-11,16402,2945,6945128
2021-01-12,18788,2823,6963916
2021-01-13,18311,2793,6982227
2021-01-14,18475,2863,7000702
2021-01-15,19201,2997,7019903
2021-01-16,11281,2298,7031184
2021-01-17,12031,2611,7043215
2021-01-18,17808,2827,7061023
2021-01-19,18601,2828,7079624
2021-01-20,18703,2839,7098327
2021-01-21,17825,2867,7116152
2021-01-22,16068,2864,7132220
2021-01-23,9901,2096,7142121
2021-01-24,11924,2457,7154045
2021-01-25,17937,2819,7171982
2021-01-26,18439,2835,7190421
2021-01-27,18873,2825,7209294
2021-01-28,18049,2812,7227343
2021-01-29,16397,2793,7243740
2021-01-30,9618,2052,7253358
2021-01-31,12682,2561,7266040
2021-02-01,18926,2987,7284966
2021-02-02,18673,2933,7303639
2021-02-03,18360,2794,7321999
2021-02-04,18467,2806,7340466
2021-02-05,18195,2815,7358661
2021-02-06,9919,2058,7368580
2021-02-07,11982,2412,7380562
2021-02-08,17978,2757,7398540
2021-02-09,18525,2826,7417065
2021-02-10,18384,2785,7435449
2021-02-11,18681,2832,7454130
2021-02-12,18684,2841,7472814
2021-02-13,9748,1968,7482562
2021-02-14,12368,2391,7494930
2021-02-15,17734,2800,7512664
2021-02-16,19345,2964,7532009
2021-02-17,20201,3001,7552210
2021-02-18,18692,2979,7570902
2021-02-19,18177,2858,7589079
2021-02-20,9704,2058,7598783
2021-02-21,10498,2377,7609281
2021-02-22,17877,2767,7627158
2021-02-23,18970,2813,7646128
2021-02-24,18999,2843,7665127
2021-02-25,18618,2832,7683745
2021-02-26,18781,2788,7702526
2021-02-27,9902,2063,7712428
2021-02-28,11863,2391,7724291
2021-03-01,17930,2758,7742221
2021-03-02,17952,2777,7760173
2021-03-03,13505,2735,7773678
2021-03-04,15293,2781,7788971
2021-03-05,21887,3061,7810858
2021-03-06,9188,2297,7820046
2021-03-07,11823,2423,7831869
2021-03-08,19633,2798,7851502
2021-03-09,19731,2813,7871233
2021-03-10,18836,2849,7890069
2021-03-11,18889,2818,7908958
2021-03-12,18860,2904,7927818
2021-03-13,10417,2370,7938235
2021-03-14,13189,2526,7951424
2021-03-15,19333,2918,7970757
2021-03-16,21941,2843,7992698
2021-03-17,19449,2808,8012147
2021-03-18,19636,2830,8031783
2021-03-19,18859,2796,8050642
2021-03-20,9867,2066,8060509
2021-03-21,12832,2577,8073341
2021-03-22,20019,3074,8093360
2021-03-23,18424,2855,8111784
2021-03-24,18761,2799,8130545
2021-03-25,19258,2801,8149803
2021-03-26,18789,2813,8168592
2021-03-27,9877,2050,8178469
2021-03-28,11849,2393,8190318
2021-03-29,20127,2939,8210445
2021-03-30,20279,2818,8230724
2021-03-31,19968,2872,8250692
2021-04-01,16848,2654,8267540
2021-04-02,12559,2443,8280099
2021-04-03,9295,2061,8289394
2021-04-04,8093,1953,8297487
2021-04-05,12182,2416,8309669
2021-04-06,16419,2945,8326088
2021-04-07,19153,3068,8345241
2021-04-08,18841,2832,8364082
2021-04-09,17670,2767,8381752
2021-04-10,9391,2044,8391143
2021-04-11,11306,2377,8402449
2021-04-12,17359,2733,8419808
2021-04-13,18187,2770,8437995
2021-04-14,18213,2808,8456208
2021-04-15,18134,2735,8474342
2021-04-16,18303,2803,8492645
2021-04-17,9872,2110,8502517
2021-04-18,11370,2357,8513887
2021-04-19,17475,2768,8531362
2021-04-20,18087,2754,8549449
2021-04-21,18582,2782,8568031
2021-04-22,19232,2952,8587263
2021-04-23,19974,3024,8607237
2021-04-24,9933,2085,8617170
2021-04-25,11785,2413,8628955
2021-04-26,17375,2767,8646330
2021-04-27,18709,2782,8665039
2021-04-28,18575,2792,8683614
2021-04-29,19062,2830,8702676
2021-04-30,15824,2541,8718500
2021-05-01,9070,2020,8727570
2021-05-02,11347,2412,8738917
2021-05-03,17714,2789,8756631
2021-05-04,18496,2790,8775127
2021-05-05,18697,2791,8793824
2021-05-06,18234,2820,8812058
2021-05-07,18910,2736,8830968
2021-05-08,10502,2251,8841470
2021-05-09,13430,2615,8854900
2021-05-10,17891,2766,8872791
2021-05-11,18246,2778,8891037
2021-05-12,17067,2615,8908104
2021-05-13,11161,2304,8919265
2021-05-14,17048,2673,8936313
2021-05-15,9733,2042,8946046
2021-05-16,11696,2387,8957742
2021-05-17,18007,2753,8975749
2021-05-18,18953,2784,8994702
2021-05-19,19266,2825,9013968
2021-05-20,19056,2815,9033024
2021-05-21,18537,2721,9051561
2021-05-22,9680,1995,9061241
2021-05-23,8882,1888,9070123
2021-05-24,12463,2501,9082586
2021-05-25,19285,2950,9101871
2021-05-26,18417,2787,9120288
2021-05-27,18765,2787,9139053
2021-05-28,18258,2751,9157311
2021-05-29,9702,2065,9167013
2021-05-30,12067,2379,9179080
2021-05-31,17822,2738,9196902
2021-06-01,18933,2754,9215835
2021-06-02,17249,2618,9233084
2021-06-03,14300,2454,9247384
2021-06-04,18115,2714,9265499
2021-06-05,9778,2071,9275277
2021-06-06,12447,2391,9287724
2021-06-07,18235,2715,9305959
2021-06-08,19429,2758,9325388
2021-06-09,19755,2920,9345143
2021-06-10,20248,3037,9365391
2021-06-11,18786,2763,9384177
2021-06-12,10370,2053,9394547
2021-06-13,12585,2329,9407132
2021-06-14,18605,2717,9425737
2021-06-15,18707,2759,9444444
2021-06-16,18848,2763,9463292
2021-06-17,18572,2772,9481864
2021-06-18,15740,2401,9497604
2021-06-19,3726,1518,9501330
2021-06-20,7606,2080,9508936
2021-06-21,19122,2739,9528058
2021-06-22,19211,2773,9547269
2021-06-23,19193,2785,9566462
2021-06-24,19568,2811,9586030
2021-06-25,19352,2903,9605382
2021-06-26,11445,2316,9616827
2021-06-27,12277,2383,9629104
2021-06-28,18388,2728,9647492
2021-06-29,18585,2716,9666077
2021-06-30,19387,2758,9685464
2021-07-01,19129,2763,9704593
2021-07-02,18369,2766,9722962
2021-07-03,10080,2052,9733042
2021-07-04,12205,2358,9745247
2021-07-05,17849,2735,9763096
2021-07-06,18475,2731,9781571
2021-07-07,18976,2725,9800547
2021-07-08,19073,2822,9819620
2021-07-09,18131,2755,9837751
2021-07-10,10259,2082,9848010
2021-07-11,12475,2483,9860485
2021-07-12,18695,2946,9879180
2021-07-13,18158,2759,9897338
2021-07-14,18357,2753,9915695
2021-07-15,18082,2723,9933777
2021-07-16,17631,2727,9951408
2021-07-17,9982,2091,9961390
2021-07-18,12062,2396,9973452
2021-07-19,17646,2761,9991098
2021-07-20,18295,2747,10009393
2021-07-21,18430,2720,10027823
2021-07-22,17863,2745,10045686
2021-07-23,17818,2710,10063504
2021-07-24,9757,2003,10073261
2021-07-25,12136,2364,10085397
2021-07-26,18156,2716,10103553
2021-07-27,18265,2866,10121818
2021-07-28,19116,2925,10140934
2021-07-29,17996,2782,10158930
2021-07-30,18015,2683,10176945
2021-07-31,9722,1979,10186667
2021-08-01,11971,2345,10198638
2021-08-02,16549,2667,10215187
2021-08-03,17020,2674,10232207
2021-08-04,15491,2735,10247698
2021-08-05,17438,2751,10265136
2021-08-06,16933,2651,10282069
2021-08-07,9466,2033,10291535
2021-08-08,10837,2389,10302372
2021-08-09,16952,2670,10319324
2021-08-10,16880,2705,10336204
2021-08-11,17766,2663,10353970
2021-08-12,17521,2803,10371491
2021-08-13,17968,2859,10389459
2021-08-14,9354,2034,10398813
2021-08-15,11939,2349,10410752
2021-08-16,16538,2695,10427290
2021-08-17,16892,2678,10444182
2021-08-18,17230,2674,10461412
2021-08-19,16874,2678,10478286
2021-08-20,17074,2687,10495360
2021-08-21,7813,2006,10503173
2021-08-22,12342,2404,10515515
2021-08-23,17417,2716,10532932
2021-08-24,17235,2707,10550167
2021-08-25,17705,2674,10567872
2021-08-26,17637,2724,10585509
2021-08-27,17462,2639,10602971
2021-08-28,10399,2227,10613370
2021-08-29,13057,2559,10626427
2021-08-30,17293,2740,10643720
2021-08-31,17835,2710,10661555
2021-09-01,18091,2723,10679646
2021-09-02,18129,2785,10697775
2021-09-03,17602,2737,10715377
2021-09-04,9838,2093,10725215
2021-09-05,12252,2428,10737467
2021-09-06,18223,2761,10755690
2021-09-07,18497,2782,10774187
2021-09-08,18868,2789,10793055
2021-09-09,19058,2787,10812113
2021-09-10,18326,2669,10830439
2021-09-11,10237,2087,10840676
2021-09-12,13161,2372,10853837
2021-09-13,18746,2863,10872583
2021-09-14,19205,2934,10891788
2021-09-15,19460,2769,10911248
2021-09-16,18965,2741,10930213
2021-09-17,19208,2745,10949421
2021-09-18,10312,2056,10959733
2021-09-19,12626,2360,10972359
2021-09-20,18631,2765,10990990
2021-09-21,19136,2726,11010126
2021-09-22,19179,2730,11029305
2021-09-23,19257,2810,11048562
2021-09-24,19352,2826,11067914
2021-09-25,11058,2122,11078972
2021-09-26,16954,2592,11095926
2021-09-27,19818,2803,11115744
2021-09-28,19821,2763,11135565
2021-09-29,20096,2889,11155661
2021-09-30,20391,2958,11176052
2021-10-01,19267,2719,11195319
2021-10-02,10369,2079,11205688
2021-10-03,12856,2411,11218544
2021-10-04,18474,2754,11237018
2021-10-05,18895,2749,11255913
2021-10-06,18854,2743,11274767
2021-10-07,18879,2758,11293646
2021-10-08,18891,2760,11312537
2021-10-09,10219,2061,11322756
2021-10-10,12598,2398,11335354
2021-10-11,18062,2748,11353416
2021-10-12,18140,2748,11371556
2021-10-13,18466,2769,11390022
2021-10-14,19002,2731,11409024
2021-10-15,18881,2817,11427905
2021-10-16,10932,2279,11438837
2021-10-17,12417,2418,11451254
2021-10-18,18103,2722,11469357
2021-10-19,18445,2732,11487802
2021-10-20,18442,2729,11506244
2021-10-21,18527,2756,11524771
2021-10-22,18584,2728,11543355
2021-10-23,10052,2100,11553407
2021-10-24,12475,2372,11565882
2021-10-25,17926,2740,11583808
2021-10-26,17645,2697,11601453
2021-10-27,18952,2720,11620405
2021-10-28,19310,2777,11639715
2021-10-29,18597,2675,11658312
2021-10-30,10748,2062,11669060
2021-10-31,11284,2251,11680344
2021-11-01,14855,2633,11695199
2021-11-02,18318,2686,11713517
2021-11-03,18860,2680,11732377
2021-11-04,18814,2712,11751191
2021-11-05,18801,2694,11769992
2021-11-06,10398,2048,11780390
2021-11-07,12816,2369,11793206
2021-11-08,18153,2704,11811359
2021-11-09,18567,2707,11829926
2021-11-10,18843,2773,11848769
2021-11-11,17005,2717,11865774
2021-11-12,19210,2735,11884984
2021-11-13,10171,2051,11895155
2021-11-14,12389,2332,11907544
2021-11-15,18657,2723,11926201
2021-11-16,19320,2841,11945521
2021-11-17,19924,2906,11965445
2021-11-18,18698,2724,11984143
2021-11-19,18747,2712,12002890
2021-11-20,10127,2007,12013017
2021-11-21,12280,2329,12025297
2021-11-22,18114,2772,12043411
2021-11-23,18938,2743,12062349
2021-11-24,19125,2730,12081474
2021-11-25,19053,2715,12100527
2021-11-26,18888,2701,12119415
2021-11-27,9998,2012,12129413
2021-11-28,12887,2370,12142300
2021-11-29,18464,2681,12160764
2021-11-30,19234,2745,12179998
2021-12-01,19698,2720,12199696
2021-12-02,19881,2832,12219577
2021-12-03,20163,2944,12239740
2021-12-04,10418,2065,12250158
2021-12-05,12385,2314,12262543
2021-12-06,18309,2715,12280852
2021-12-07,18489,2700,12299341
2021-12-08,17434,2628,12316775
2021-12-09,19153,2741,12335928
2021-12-10,18904,2695,12354832
2021-12-11,10292,2028,12365124
2021-12-12,12034,2351,12377158
2021-12-13,17688,2668,12394846
2021-12-14,18556,2700,12413402
2021-12-15,18009,2678,12431411
2021-12-16,6667,1884,12438078
2021-12-17,1,1,12438079
2021-12-19,5489,1836,12443568
2021-12-20,12888,2538,12456456
2021-12-21,20160,2742,12476616
2021-12-22,19509,2956,12496125
2021-12-23,16501,2715,12512626
2021-12-24,9101,2080,12521727
2021-12-25,7544,1820,12529271
2021-12-26,10154,2285,12539425
2021-12-27,14363,2550,12553788
2021-12-28,14707,2590,12568495
2021-12-29,14903,2565,12583398
2021-12-30,14644,2601,12598042
2021-12-31,9110,2034,12607152
2022-01-01,7808,1850,12614960
2022-01-02,10268,2250,12625228
2022-01-03,15893,2635,12641121
2022-01-04,16647,2653,12657768
2022-01-05,16265,2577,12674033
2022-01-06,15979,2532,12690012
2022-01-07,18790,2814,12708802
2022-01-08,9902,2015,12718704
2022-01-09,11412,2249,12730116
2022-01-10,17572,2668,12747688
2022-01-11,18358,2667,12766046
2022-01-12,18400,2683,12784446
2022-01-13,18733,2698,12803179
2022-01-14,18739,2660,12821918
2022-01-15,9870,2070,12831788
2022-01-16,11628,2436,12843416
2022-01-17,17637,2646,12861053
2022-01-18,17941,2601,12878994
2022-01-19,18306,2613,12897300
2022-01-20,18399,2600,12915699
2022-01-21,18336,2648,12934035
2022-01-22,10528,2000,12944563
2022-01-23,13616,2519,12958179
2022-01-24,17690,2630,12975869
2022-01-25,18484,2601,12994353
2022-01-26,18773,2664,13013126
2022-01-27,18903,2697,13032029
2022-01-28,18345,2656,13050374
2022-01-29,10039,2010,13060413
2022-01-30,11860,2308,13072273
2022-01-31,18025,2632,13090298
2022-02-01,18446,2658,13108744
2022-02-02,18839,2639,13127583
2022-02-03,18527,2652,13146110
2022-02-04,18447,2635,13164557
2022-02-05,10328,1977,13174885
2022-02-06,12341,2300,13187226
2022-02-07,18781,2640,13206007
2022-02-08,20224,2908,13226231
2022-02-09,19300,2673,13245531
2022-02-10,18708,2679,13264239
2022-02-11,18507,2622,13282746
2022-02-12,10356,2031,13293102
2022-02-13,12799,2314,13305901
2022-02-14,17779,2645,13323680
2022-02-15,18761,2656,13342441
2022-02-16,19194,2706,13361635
2022-02-17,19400,2751,13381035
2022-02-18,18812,2685,13399847
2022-02-19,11044,2066,13410891
2022-02-20,12214,2328,13423105
2022-02-21,18048,2678,13441153
2022-02-22,18906,2706,13460059
2022-02-23,19683,2686,13479742
2022-02-24,21257,2906,13500999
2022-02-25,19076,2738,13520075
2022-02-26,10884,2049,13530959
2022-02-27,12746,2300,13543705
2022-02-28,18592,2680,13562297
2022-03-01,19794,2684,13582091
2022-03-02,19381,2755,13601472
2022-03-03,18961,2703,13620433
2022-03-04,19091,2687,13639524
2022-03-05,10889,2042,13650413
2022-03-06,12779,2361,13663192
2022-03-07,18661,2687,13681853
2022-03-08,19166,2705,13701019
2022-03-09,19415,2692,13720434
2022-03-10,19142,2705,13739576
2022-03-11,19365,2693,13758941
2022-03-12,12212,2262,13771153
2022-03-13,12993,2463,13784146
2022-03-14,18188,2682,13802334
2022-03-15,15799,2702,13818133
2022-03-16,20035,2738,13838168
2022-03-17,19794,2711,13857962
2022-03-18,19108,2668,13877070
2022-03-19,8953,2062,13886023
2022-03-20,11329,2393,13897352
2022-03-21,18782,2678,13916134
2022-03-22,18104,2640,13934238
2022-03-23,12249,2396,13946487
2022-03-24,21463,2846,13967950
2022-03-25,19835,2727,13987785
2022-03-26,10868,2072,13998653
2022-03-27,13365,2314,14012018
2022-03-28,20164,2898,14032182
2022-03-29,20075,2666,14052257
2022-03-30,21695,2666,14073952
2022-03-31,19698,2652,14093650
2022-04-01,19806,2587,14113456
2022-04-02,10584,2047,14124040
2022-04-03,12747,2288,14136787
2022-04-04,17840,2638,14154627
2022-04-05,16677,2631,14171304
2022-04-06,18569,2610,14189873
2022-04-07,19588,2654,14209461
2022-04-08,18924,2636,14228385
2022-04-09,10393,1999,14238778
2022-04-10,12638,2277,14251416
2022-04-11,17796,2643,14269212
2022-04-12,18426,2612,14287638
2022-04-13,19830,2858,14307468
2022-04-14,15818,2391,14323286
2022-04-15,12081,2201,14335367
2022-04-16,9362,1939,14344729
2022-04-17,8065,1837,14352794
2022-04-18,11273,2230,14364067
2022-04-19,17359,2593,14381426
2022-04-20,17907,2564,14399333
2022-04-21,17834,2616,14417167
2022-04-22,17915,2532,14435082
2022-04-23,10265,1929,14445347
2022-04-24,12379,2277,14457726
2022-04-25,17639,2575,14475365
2022-04-26,18938,2584,14494303
2022-04-27,18896,2577,14513199
2022-04-28,18417,2588,14531616
2022-04-29,17378,2773,14548994
2022-04-30,10915,1968,14559909
2022-05-01,12735,2253,14572644
2022-05-02,18158,2590,14590802
2022-05-03,18985,2613,14609787
2022-05-04,19308,2631,14629095
2022-05-05,18491,2593,14647586
2022-05-06,18450,2559,14666036
2022-05-07,10124,1967,14676160
2022-05-08,12776,2270,14688936
2022-05-09,18503,2589,14707439
2022-05-10,18821,2581,14726260
2022-05-11,18794,2612,14745054
2022-05-12,19891,2577,14764945
2022-05-13,19000,2572,14783945
2022-05-14,10414,1954,14794359
2022-05-15,15634,2492,14809993
2022-05-16,18790,2567,14828783
2022-05-17,19006,2598,14847789
2022-05-18,19821,2600,14867610
2022-05-19,19355,2606,14886965
2022-05-20,18280,2546,14905245
2022-05-21,10405,1939,14915650
2022-05-22,12052,2257,14927702
2022-05-23,18224,2559,14945926
2022-05-24,18540,2596,14964466
2022-05-25,16619,2369,14981085
2022-05-26,11432,2191,14992517
2022-05-27,16308,2494,15008825
2022-05-28,9508,1920,15018333
2022-05-29,11921,2259,15030254
2022-05-30,17985,2602,15048239
2022-05-31,19461,2770,15067700
2022-06-01,18584,2521,15086284
2022-06-02,18653,2521,15104937
2022-06-03,17616,2530,15122553
2022-06-04,9487,1859,15132040
2022-06-05,8381,1832,15140421
2022-06-06,11580,2213,15152001
2022-06-07,17473,2550,15169474
2022-06-08,17576,2536,15187050
2022-06-09,17404,2518,15204454
2022-06-10,17256,2486,15221710
2022-06-11,9714,1912,15231424
2022-06-12,11638,2178,15243062
2022-06-13,17515,2490,15260577
2022-06-14,17595,2514,15278172
2022-06-15,16321,2332,15294493
2022-06-16,14514,2464,15309007
2022-06-17,16393,2452,15325400
2022-06-18,9607,1910,15335007
2022-06-19,11723,2153,15346730
2022-06-20,17440,2527,15364170
2022-06-21,17615,2484,15381785
2022-06-22,17746,2500,15399531
2022-06-23,18071,2532,15417602
2022-06-24,17469,2503,15435071
2022-06-25,9750,1877,15444821
2022-06-26,11696,2202,15456517
2022-06-27,17063,2489,15473580
2022-06-28,17403,2491,15490983
2022-06-29,18106,2525,15509089
2022-06-30,17595,2523,15526684
2022-07-01,17158,2451,15543842
2022-07-02,10361,2077,15554203
2022-07-03,11191,2194,15565394
2022-07-04,15190,2497,15580584
2022-07-05,17521,2508,15598105
2022-07-06,14760,2480,15612865
2022-07-07,17839,2533,15630704
2022-07-08,16923,2453,15647627
2022-07-09,9488,1860,15657115
2022-07-10,11456,2164,15668571
2022-07-11,16446,2475,15685017
2022-07-12,17169,2494,15702186
2022-07-13,17620,2504,15719806
2022-07-14,17487,2460,15737293
2022-07-15,17883,2511,15755176
2022-07-16,9364,1838,15764540
2022-07-17,11569,2181,15776109
2022-07-18,17643,2734,15793752
2022-07-19,16993,2508,15810745
2022-07-20,17147,2481,15827892
2022-07-21,16990,2509,15844882
2022-07-22,16490,2394,15861372
2022-07-23,9462,1808,15870834
2022-07-24,11369,2211,15882203
2022-07-25,16570,2458,15898773
2022-07-26,16452,2500,15915225
2022-07-27,16897,2492,15932122
2022-07-28,16507,2515,15948629
2022-07-29,15936,2454,15964565
2022-07-30,9190,1871,15973755
2022-07-31,9799,2099,15983554
2022-08-01,15793,2448,15999347
2022-08-02,15995,2480,16015342
2022-08-03,17788,2698,16033130
2022-08-04,15997,2492,16049127
2022-08-05,14459,2396,16063586
2022-08-06,7960,1825,16071546
2022-08-07,10595,2113,16082141
2022-08-08,10119,2233,16092260
2022-08-09,17193,2489,16109453
2022-08-10,17205,2466,16126658
2022-08-11,16712,2458,16143370
2022-08-12,13523,2409,16156893
2022-08-13,9915,1898,16166808
2022-08-14,8847,2028,16175655
2022-08-15,15120,2348,16190775
2022-08-16,16836,2435,16207611
2022-08-17,16363,2401,16223974
2022-08-18,11363,2370,16235337
2022-08-19,10687,2242,16246024
2022-08-20,12241,2136,16258265
2022-08-21,12012,2166,16270277
2022-08-22,15971,2464,16286248
2022-08-23,14510,2375,16300758
2022-08-24,16515,2419,16317273
2022-08-25,17138,2451,16334411
2022-08-26,16487,2422,16350898
2022-08-27,10133,1839,16361031
2022-08-28,11677,2135,16372708
2022-08-29,16432,2440,16389140
2022-08-30,16875,2402,16406015
2022-08-31,17410,2435,16423425
2022-09-01,17659,2435,16441084
2022-09-02,17133,2370,16458217
2022-09-03,9966,1824,16468183
2022-09-04,12118,2132,16480301
2022-09-05,17991,2665,16498292
2022-09-06,17603,2440,16515895
2022-09-07,17804,2452,16533699
2022-09-08,18196,2452,16551895
2022-09-09,17279,2440,16569174
2022-09-10,10511,1850,16579685
2022-09-11,12457,2266,16592142
2022-09-12,17170,2455,16609312
2022-09-13,15625,2511,16624937
2022-09-14,22819,2699,16647756
2022-09-15,22589,2575,16670345
2022-09-16,18382,2472,16688727
2022-09-17,10591,1907,16699318
2022-09-18,15046,2389,16714364
2022-09-19,21887,2508,16736251
2022-09-20,18605,2672,16754856
2022-09-21,16614,2525,16771470
2022-09-22,11078,2445,16782548
2022-09-23,13786,2228,16796334
2022-09-24,11447,2088,16807781
2022-09-25,19456,2432,16827237
2022-09-26,21352,2549,16848589
2022-09-27,18856,2559,16867445
2022-09-28,17184,2549,16884629
2022-09-29,17371,2678,16902000
2022-09-30,17638,2533,16919638
2022-10-01,9959,1923,16929597
2022-10-02,9686,1918,16939283
2022-10-03,12357,2262,16951640
2022-10-04,16580,2541,16968220
2022-10-05,17312,2663,16985532
2022-10-06,17350,2546,17002882
2022-10-07,17128,2494,17020010
2022-10-08,9164,1882,17029174
2022-10-09,12525,2337,17041699
2022-10-10,16706,2564,17058405
2022-10-11,17035,2551,17075440
2022-10-12,17326,2519,17092766
2022-10-13,16996,2565,17109762
2022-10-14,17118,2641,17126880
2022-10-15,10030,1896,17136910
2022-10-16,11526,2246,17148436
2022-10-17,17456,2583,17165892
2022-10-18,17348,2550,17183240
2022-10-19,17008,2545,17200248
2022-10-20,17791,2704,17218039
2022-10-21,17047,2508,17235086
2022-10-22,9524,1909,17244610
2022-10-23,11794,2249,17256404
2022-10-24,16716,2563,17273120
2022-10-25,16869,2506,17289989
2022-10-26,16345,2457,17306334
2022-10-27,17067,2516,17323401
2022-10-28,16997,2472,17340398
2022-10-29,9638,2056,17350036
2022-10-30,11938,2215,17361974
2022-10-31,14200,2401,17376174
2022-11-01,12997,2284,17389171
2022-11-02,17132,2514,17406303
2022-11-03,17531,2553,17423834
2022-11-04,17317,2664,17441151
2022-11-05,9540,1965,17450691
2022-11-06,11842,2250,17462533
2022-11-07,16488,2506,17479021
2022-11-08,17612,2569,17496633
2022-11-09,17283,2498,17513916
2022-11-10,17399,2539,17531315
2022-11-11,17061,2476,17548376
2022-11-12,9406,1919,17557782
2022-11-13,12134,2386,17569916
2022-11-14,17612,2553,17587528
2022-11-15,16971,2496,17604499
2022-11-16,17143,2632,17621642
2022-11-17,17995,2703,17639637
2022-11-18,17589,2671,17657226
2022-11-19,10678,2263,17667904
2022-11-20,11794,2381,17679698
2022-11-21,17127,2722,17696825
2022-11-22,17444,2634,17714269
2022-11-23,17765,2717,17732034
2022-11-24,17548,2651,17749582
2022-11-25,17327,2645,17766909
2022-11-26,9612,2040,17776521
2022-11-27,11830,2377,17788351
2022-11-28,17330,2780,17805681
2022-11-29,18166,2655,17823847
2022-11-30,17921,2711,17841768
2022-12-01,17566,2690,17859334
2022-12-02,17022,2645,17876356
2022-12-03,9095,2089,17885451
2022-12-04,12156,2520,17897607
2022-12-05,17272,2694,17914879
2022-12-06,17238,2515,17932117
2022-12-07,16958,2536,17949075
2022-12-08,16378,2565,17965453
2022-12-09,16472,2529,17981925
2022-12-10,9152,2037,17991077
2022-12-11,11617,2303,18002694
2022-12-12,16529,2662,18019223
2022-12-13,17339,2714,18036562
2022-12-14,18035,2719,18054597
2022-12-15,17233,2640,18071830
2022-12-16,16617,2614,18088447
2022-12-17,7955,2067,18096402
2022-12-18,11357,2328,18107759
2022-12-19,16938,2768,18124697
2022-12-20,16796,2662,18141493
2022-12-21,16584,2671,18158077
2022-12-22,16121,2645,18174198
2022-12-23,14754,2625,18188952
2022-12-24,7280,1950,18196232
2022-12-25,6524,1827,18202756
2022-12-26,9633,2223,18212389
2022-12-27,13828,2536,18226217
2022-12-28,14379,2589,18240596
2022-12-29,14751,2518,18255347
2022-12-30,13668,2513,18269015
2022-12-31,8411,2048,18277426
2023-01-01,9791,2234,18287217
2023-01-02,14372,2539,18301589
2023-01-03,15769,2682,18317358
2023-01-04,15362,2570,18332720
2023-01-05,14671,2498,18347391
2023-01-06,14016,2421,18361407
2023-01-07,8800,2116,18370207
2023-01-08,10739,2268,18380946
2023-01-09,15867,2627,18396813
2023-01-10,16689,2648,18413502
2023-01-11,16634,2612,18430136
2023-01-12,17205,2786,18447341
2023-01-13,17626,2627,18464967
2023-01-14,9339,2035,18474306
2023-01-15,10952,2301,18485258
2023-01-16,16937,2583,18502195
2023-01-17,17203,2620,18519398
2023-01-18,17702,2736,18537100
2023-01-19,17399,2629,18554499
2023-01-20,17152,2664,18571651
2023-01-21,9691,2077,18581342
2023-01-22,11686,2389,18593028
2023-01-23,16532,2611,18609560
2023-01-24,17230,2639,18626790
2023-01-25,17357,2619,18644147
2023-01-26,17014,2564,18661161
2023-01-27,18093,2701,18679254
2023-01-28,10270,2001,18689524
2023-01-29,11142,2250,18700666
2023-01-30,16192,2529,18716858
2023-01-31,16931,2574,18733789
2023-02-01,17128,2559,18750917
2023-02-02,17555,2719,18768472
2023-02-03,16810,2573,18785282
2023-02-04,9115,2010,18794397
2023-02-05,11323,2268,18805720
2023-02-06,16256,2597,18821976
2023-02-07,17009,2561,18838985
2023-02-08,16729,2558,18855714
2023-02-09,16530,2549,18872244
2023-02-10,16983,2630,18889227
2023-02-11,9767,2131,18898994
2023-02-12,12129,2233,18911123
2023-02-13,16338,2583,18927461
2023-02-14,16881,2532,18944342
2023-02-15,17117,2533,18961459
2023-02-16,17190,2573,18978649
2023-02-17,17864,2757,18996513
2023-02-18,11887,2369,19008400
2023-02-19,11341,2254,19019741
2023-02-20,9857,2388,19029598
2023-02-21,17657,2793,19047255
2023-02-22,18413,2757,19065668
2023-02-23,17967,2806,19083635
2023-02-24,17261,2688,19100896
2023-02-25,9525,2126,19110421
2023-02-26,12219,2600,19122640
2023-02-27,17623,2770,19140263
2023-02-28,17288,2739,19157551
2023-03-01,17745,2787,19175296
2023-03-02,15625,2748,19190921
2023-03-03,17701,2721,19208622
2023-03-04,10344,2318,19218966
2023-03-05,12587,2521,19231553
2023-03-06,16362,2579,19247915
2023-03-07,17465,2732,19265380
2023-03-08,17532,2779,19282912
2023-03-09,17742,2759,19300654
2023-03-10,15454,2696,19316108
2023-03-11,10824,2139,19326932
2023-03-12,11640,2388,19338572
2023-03-13,17757,2797,19356329
2023-03-14,18328,2744,19374657
2023-03-15,17526,2737,19392183
2023-03-16,18042,2761,19410225
2023-03-17,17572,2729,19427797
2023-03-18,9429,2102,19437226
2023-03-19,12387,2525,19449613
2023-03-20,17267,2727,19466880
2023-03-21,17555,2753,19484435
2023-03-22,17915,2775,19502350
2023-03-23,17693,2814,19520043
2023-03-24,17392,2772,19537435
2023-03-25,9560,2137,19546995
2023-03-26,12005,2412,19559000
2023-03-27,17408,2703,19576408
2023-03-28,17558,2886,19593966
2023-03-29,18251,2741,19612217
2023-03-30,17608,2764,19629825
2023-03-31,17713,2737,19647538
2023-04-01,9860,2194,19657398
2023-04-02,11972,2429,19669370
2023-04-03,17417,2920,19686787
2023-04-04,17484,2833,19704271
2023-04-05,17426,2813,19721697
2023-04-06,15449,2647,19737146
2023-04-07,11403,2487,19748549
2023-04-08,8833,2037,19757382
2023-04-09,7895,1977,19765277
2023-04-10,11058,2407,19776335
2023-04-11,16607,2782,19792942
2023-04-12,17450,2841,19810392
2023-04-13,17689,2785,19828081
2023-04-14,17051,2750,19845132
2023-04-15,9310,2122,19854442
2023-04-16,11802,2444,19866244
2023-04-17,16554,2746,19882798
2023-04-18,18840,2902,19901638
2023-04-19,17723,2794,19919361
2023-04-20,17684,2799,19937045
2023-04-21,17580,2768,19954625
2023-04-22,9792,2221,19964417
2023-04-23,12094,2416,19976511
2023-04-24,17598,2796,19994109
2023-04-25,18027,2788,20012136
2023-04-26,18319,2779,20030455
2023-04-27,18563,2967,20049018
2023-04-28,19190,2797,20068208
2023-04-29,9513,2122,20077721
2023-04-30,9385,2105,20087106
2023-05-01,11772,2360,20098878
2023-05-02,17641,2740,20116519
2023-05-03,18474,2889,20134993
2023-05-04,13771,2745,20148764
2023-05-05,16383,2756,20165147
2023-05-06,9758,2137,20174905
2023-05-07,12077,2445,20186982
2023-05-08,15704,2757,20202686
2023-05-09,18812,2749,20221498
2023-05-10,17766,2785,20239264
2023-05-11,18169,2796,20257433
2023-05-12,18568,2875,20276001
2023-05-13,10972,2189,20286973
2023-05-14,12927,2381,20299900
2023-05-15,17426,2764,20317326
2023-05-16,18000,2775,20335326
2023-05-17,16102,2637,20351428
2023-05-18,12325,2544,20363753
2023-05-19,16535,2708,20380288
2023-05-20,9009,2118,20389297
2023-05-21,11828,2412,20401125
2023-05-22,17360,2850,20418485
2023-05-23,17558,2769,20436043
2023-05-24,17868,2809,20453911
2023-05-25,17964,2793,20471875
2023-05-26,17483,2760,20489358
2023-05-27,10113,2245,20499471
2023-05-28,9698,2000,20509169
2023-05-29,11775,2392,20520944
2023-05-30,17354,2752,20538298
2023-05-31,17216,2687,20555514
2023-06-01,17625,2743,20573139
2023-06-02,18257,2928,20591396
2023-06-03,9353,2089,20600749
2023-06-04,11429,2429,20612178
2023-06-05,16770,2739,20628948
2023-06-06,17233,2776,20646181
2023-06-07,15979,2598,20662160
2023-06-08,13073,2427,20675233
2023-06-09,16152,2667,20691385
2023-06-10,9184,2068,20700569
2023-06-11,11562,2492,20712131
2023-06-12,17637,2714,20729768
2023-06-13,17166,2722,20746934
2023-06-14,17515,2728,20764449
2023-06-15,17296,2692,20781745
2023-06-16,5806,2051,20787551
2023-06-17,1,1,20787552
2023-06-18,4797,1629,20792349
2023-06-19,10971,2317,20803320
2023-06-20,19183,2741,20822503
2023-06-21,17839,2703,20840342
2023-06-22,16969,2674,20857311
2023-06-23,16711,2671,20874022
2023-06-24,8866,2023,20882888
2023-06-25,11258,2339,20894146
2023-06-26,17401,2853,20911547
2023-06-27,18354,2731,20929901
2023-06-28,17236,2694,20947137
2023-06-29,17509,2735,20964646
2023-06-30,17285,2699,20981931
2023-07-01,9393,2105,20991324
2023-07-02,10933,2376,21002257
2023-07-03,16339,2727,21018596
2023-07-04,17036,2735,21035632
2023-07-05,18136,2823,21053768
2023-07-06,17320,2783,21071088
2023-07-07,17040,2739,21088128
2023-07-08,9129,2083,21097257
2023-07-09,11576,2391,21108833
2023-07-10,16575,2709,21125408
2023-07-11,17257,2827,21142665
2023-07-12,17878,2728,21160543
2023-07-13,16657,2741,21177200
2023-07-14,16104,2723,21193304
2023-07-15,8939,2059,21202243
2023-07-16,10880,2359,21213123
2023-07-17,16145,2603,21229268
2023-07-18,16338,2659,21245606
2023-07-19,16130,2665,21261736
2023-07-20,16967,2770,21278703
2023-07-21,16138,2672,21294841
2023-07-22,8874,2072,21303715
2023-07-23,10983,2332,21314698
2023-07-24,16046,2689,21330744
2023-07-25,16193,2647,21346937
2023-07-26,16555,2777,21363492
2023-07-27,17247,2650,21380739
2023-07-28,15984,2667,21396723
2023-07-29,8807,2038,21405530
2023-07-30,10886,2273,21416416
2023-07-31,15350,2648,21431766
2023-08-01,15655,2617,21447421
2023-08-02,16363,2638,21463784
2023-08-03,17487,2733,21481271
2023-08-04,16369,2778,21497640
2023-08-05,8905,2102,21506545
2023-08-06,10672,2254,21517217
2023-08-07,15558,2633,21532775
2023-08-08,15547,2665,21548322
2023-08-09,15704,2651,21564026
2023-08-10,16248,2805,21580274
2023-08-11,16347,2620,21596621
2023-08-12,8900,2046,21605521
2023-08-13,11269,2319,21616790
2023-08-14,15525,2757,21632315
2023-08-15,17367,2648,21649682
2023-08-16,15993,2672,21665675
2023-08-17,16284,2696,21681959
2023-08-18,16348,2654,21698307
2023-08-19,10227,2181,21708534
2023-08-20,11341,2377,21719875
2023-08-21,15502,2611,21735377
2023-08-22,16040,2614,21751417
2023-08-23,16334,2693,21767751
2023-08-24,16679,2666,21784430
2023-08-25,16472,2749,21800902
2023-08-26,10023,2101,21810925
2023-08-27,11342,2326,21822267
2023-08-28,15887,2645,21838154
2023-08-29,16106,2625,21854260
2023-08-30,16202,2666,21870462
2023-08-31,16645,2656,21887107
2023-09-01,16364,2600,21903471
2023-09-02,9472,2041,21912943
2023-09-03,12520,2493,21925463
2023-09-04,16506,2726,21941969
2023-09-05,16609,2650,21958578
2023-09-06,16738,2680,21975316
2023-09-07,16899,2696,21992215
2023-09-08,16446,2653,22008661
2023-09-09,9950,2175,22018611
2023-09-10,12702,2337,22031313
2023-09-11,16718,2665,22048031
2023-09-12,16957,2692,22064988
2023-09-13,17024,2720,22082012
2023-09-14,15141,2710,22097153
2023-09-15,17009,2694,22114162
2023-09-16,9675,2115,22123837
2023-09-17,11988,2376,22135825
2023-09-18,18923,2881,22154748
2023-09-19,17691,2755,22172439
2023-09-20,17561,2746,22190000
2023-09-21,17528,2778,22207528
2023-09-22,17089,2655,22224617
2023-09-23,9511,2076,22234128
2023-09-24,12293,2451,22246421
2023-09-25,17657,2726,22264078
2023-09-26,17362,2694,22281440
2023-09-27,17388,2746,22298828
2023-09-28,17583,2749,22316411
2023-09-29,17425,2701,22333836
2023-09-30,9377,2087,22343213
2023-10-01,11732,2350,22354945
2023-10-02,14802,2529,22369747
2023-10-03,12924,2487,22382671
2023-10-04,17138,2747,22399809
2023-10-05,17140,2722,22416949
2023-10-06,16949,2693,22433898
2023-10-07,9522,2070,22443420
2023-10-08,12776,2408,22456196
2023-10-09,17345,2837,22473541
2023-10-10,17747,2682,22491288
2023-10-11,17008,2649,22508296
2023-10-12,17237,2696,22525533
2023-10-13,16710,2648,22542243
2023-10-14,9103,2059,22551346
2023-10-15,11517,2381,22562863
2023-10-16,16463,2718,22579326
2023-10-17,16843,2686,22596169
2023-10-18,17652,2808,22613821
2023-10-19,17122,2741,22630943
2023-10-20,17390,2683,22648333
2023-10-21,9710,2118,22658043
2023-10-22,11902,2385,22669945
2023-10-23,16491,2718,22686436
2023-10-24,17211,2855,22703647
2023-10-25,17714,2751,22721361
2023-10-26,16556,2684,22737917
2023-10-27,16702,2704,22754619
2023-10-28,9401,2099,22764020
2023-10-29,11524,2383,22775544
2023-10-30,15456,2634,22791000
2023-10-31,14553,2558,22805553
2023-11-01,12894,2517,22818447
2023-11-02,17439,2830,22835886
2023-11-03,16593,2707,22852479
2023-11-04,9267,2104,22861746
2023-11-05,11308,2368,22873054
2023-11-06,16851,2715,22889905
2023-11-07,17289,2699,22907194
2023-11-08,17542,2773,22924736
2023-11-09,18025,2625,22942761
2023-11-10,17149,2694,22959910
2023-11-11,9599,2114,22969509
2023-11-12,11855,2366,22981364
2023-11-13,16762,2702,22998126
2023-11-14,17526,2766,23015652
2023-11-15,17461,2696,23033113
2023-11-16,17389,2728,23050502
2023-11-17,18528,2838,23069030
2023-11-18,9549,2185,23078579
2023-11-19,11736,2415,23090315
2023-11-20,16764,2708,23107079
2023-11-21,17309,2715,23124388
2023-11-22,14657,2717,23139045
2023-11-23,18544,2846,23157589
2023-11-24,17994,2741,23175583
2023-11-25,9638,2111,23185221
2023-11-26,11302,2428,23196523
2023-11-27,16905,2753,23213428
2023-11-28,17731,2745,23231159
2023-11-29,17450,2738,23248609
2023-11-30,17673,2703,23266282
2023-12-01,16921,2682,23283203
2023-12-02,10377,2239,23293580
2023-12-03,11600,2415,23305180
2023-12-04,16688,2718,23321868
2023-12-05,17817,2704,23339685
2023-12-06,16872,2689,23356557
2023-12-07,16771,2711,23373328
2023-12-08,17111,2818,23390439
2023-12-09,9932,2119,23400371
2023-12-10,9513,2312,23409884
2023-12-11,16959,2706,23426843
2023-12-12,16882,2675,23443725
2023-12-13,16826,2613,23460551
2023-12-14,16957,2707,23477508
2023-12-15,16662,2677,23494170
2023-12-16,9134,2104,23503304
2023-12-17,11808,2428,23515112
2023-12-18,16479,2804,23531591
2023-12-19,16675,2673,23548266
2023-12-20,16500,2694,23564766
2023-12-21,16314,2737,23581080
2023-12-22,15328,2669,23596408
2023-12-23,8740,2180,23605148
2023-12-24,7414,1886,23612562
2023-12-25,6563,1829,23619125
2023-12-26,9024,2260,23628149
2023-12-27,13676,2582,23641825
2023-12-28,13793,2583,23655618
2023-12-29,13674,2564,23669292
2023-12-30,8123,2051,23677415
2023-12-31,7207,1928,23684622
2024-01-01,10562,2468,23695184
2024-01-02,13943,2646,23709127
2024-01-03,14361,2569,23723488
2024-01-04,15428,2675,23738916
2024-01-05,14086,2475,23753002
2024-01-06,8358,2016,23761360
2024-01-07,10757,2415,23772117
2024-01-08,17507,2614,23789624
2024-01-09,16326,2610,23805950
2024-01-10,16361,2658,23822311
2024-01-11,16657,2645,23838968
2024-01-12,16110,2586,23855078
2024-01-13,8568,2001,23863646
2024-01-14,10635,2291,23874281
2024-01-15,16502,2680,23890783
2024-01-16,17740,2825,23908523
2024-01-17,16635,2684,23925158
2024-01-18,16511,2676,23941669
2024-01-19,5740,2005,23947409
2024-01-20,2,2,23947411
2024-01-22,7893,2166,23955304
2024-01-23,12485,2462,23967789
2024-01-24,24833,2854,23992622
2024-01-25,18661,2718,24011283
2024-01-26,17484,2688,24028767
2024-01-27,9889,2065,24038656
2024-01-28,11576,2366,24050232
2024-01-29,16828,2753,24067060
2024-01-30,17683,2760,24084743
2024-01-31,18390,2880,24103133
2024-02-01,17619,2851,24120752
2024-02-02,17219,2679,24137971
2024-02-03,9299,2093,24147270
2024-02-04,11380,2399,24158650
2024-02-05,16657,2730,24175307
2024-02-06,17185,2724,24192492
2024-02-07,17235,2734,24209727
2024-02-08,18336,2814,24228063
2024-02-09,17174,2711,24245237
2024-02-10,9846,2100,24255083
2024-02-11,11834,2423,24266917
2024-02-12,15033,2662,24281950
2024-02-13,18027,2695,24299977
2024-02-14,16809,2659,24316786
2024-02-15,17396,2865,24334182
2024-02-16,17081,2784,24351263
2024-02-17,9182,2111,24360445
2024-02-18,11230,2431,24371675
2024-02-19,16806,2718,24388481
2024-02-20,16927,2664,24405408
2024-02-21,16705,2614,24422113
2024-02-22,17482,2661,24439595
2024-02-23,18042,2745,24457637
2024-02-24,9220,2062,24466857
2024-02-25,11405,2359,24478262
2024-02-26,17335,2714,24495597
2024-02-27,17122,2684,24512719
2024-02-28,17508,2696,24530227
2024-02-29,17956,2744,24548183
2024-03-01,17774,2800,24565957
2024-03-02,9725,2149,24575682
2024-03-03,11834,2407,24587516
2024-03-04,17087,2750,24604603
2024-03-05,17329,2703,24621932
2024-03-06,17386,2698,24639318
2024-03-07,17592,2714,24656910
2024-03-08,17359,2653,24674269
2024-03-09,10400,2176,24684669
2024-03-10,11892,2390,24696561
2024-03-11,17225,2738,24713786
2024-03-12,17200,2714,24730986
2024-03-13,17656,2673,24748642
2024-03-14,17738,2686,24766380
2024-03-15,17322,2658,24783702
2024-03-16,9732,2242,24793434
2024-03-17,11434,2398,24804868
2024-03-18,17028,2706,24821896
2024-03-19,17309,2689,24839205
2024-03-20,17417,2749,24856622
2024-03-21,17716,2731,24874338
2024-03-22,17287,2648,24891625
2024-03-23,9298,2046,24900923
2024-03-24,12108,2483,24913031
2024-03-25,16305,2634,24929336
2024-03-26,16881,2645,24946217
2024-03-27,16670,2717,24962887
2024-03-28,15166,2612,24978053
2024-03-29,11004,2308,24989057
2024-03-30,8717,2016,24997774
2024-03-31,7943,2037,25005717
2024-04-01,10491,2315,25016208
2024-04-02,15642,2616,25031850
2024-04-03,16092,2644,25047942
2024-04-04,16725,2649,25064667
2024-04-05,16342,2677,25081009
2024-04-06,9326,2103,25090335
2024-04-07,11333,2384,25101668
2024-04-08,17586,2824,25119254
2024-04-09,17071,2646,25136325
2024-04-10,17102,2617,25153427
2024-04-11,17214,2610,25170641
2024-04-12,16645,2629,25187286
2024-04-13,9196,2102,25196482
2024-04-14,11847,2348,25208329
2024-04-15,17396,2801,25225725
2024-04-16,17457,2721,25243182
2024-04-17,15064,2678,25258246
2024-04-18,17764,2693,25276010
2024-04-19,17343,2611,25293353
2024-04-20,9590,2129,25302943
2024-04-21,11418,2325,25314361
2024-04-22,17031,2661,25331392
2024-04-23,18334,2850,25349726
2024-04-24,17758,2647,25367484
2024-04-25,14585,2628,25382069
2024-04-26,18003,2656,25400072
2024-04-27,9391,2092,25409463
2024-04-28,11628,2314,25421091
2024-04-29,17005,2697,25438096
2024-04-30,16425,2673,25454521
2024-05-01,11661,2400,25466182
2024-05-02,17291,2615,25483473
2024-05-03,17084,2665,25500557
2024-05-04,9280,2041,25509837
2024-05-05,11636,2340,25521473
2024-05-06,16894,2657,25538367
2024-05-07,17607,2654,25555974
2024-05-08,16493,2637,25572467
2024-05-09,10842,2265,25583309
2024-05-10,15939,2582,25599248
2024-05-11,9258,2012,25608506
2024-05-12,11419,2318,25619925
2024-05-13,13479,2609,25633404
2024-05-14,18313,2657,25651717
2024-05-15,17522,2753,25669239
2024-05-16,15732,2718,25684971
2024-05-17,17282,2646,25702253
2024-05-18,9372,2059,25711625
2024-05-19,8489,1957,25720114
2024-05-20,11091,2344,25731205
2024-05-21,16712,2592,25747917
2024-05-22,17014,2619,25764931
2024-05-23,18093,2733,25783024
2024-05-24,16860,2600,25799884
2024-05-25,9296,1989,25809180
2024-05-26,11562,2306,25820742
2024-05-27,16612,2573,25837354
2024-05-28,16869,2637,25854223
2024-05-29,16076,2472,25870299
2024-05-30,12968,2420,25883267
2024-05-31,16029,2667,25899296
2024-06-01,9765,2057,25909061
2024-06-02,11349,2290,25920410
2024-06-03,16463,2613,25936873
2024-06-04,15034,2453,25951907
2024-06-05,4,6,25951911
2024-06-12,16839,2417,25968750
2024-06-13,29915,2740,25998665
2024-06-14,29120,2740,26027785
2024-06-15,10146,2016,26037931
2024-06-16,10743,2234,26048674
2024-06-17,17396,2551,26066070
2024-06-18,19237,2565,26085307
2024-06-19,18250,2556,26103557
2024-06-20,16735,2555,26120292
2024-06-21,16258,2523,26136550
2024-06-22,9047,1950,26145597
2024-06-23,10534,2176,26156131
2024-06-24,16209,2518,26172340
2024-06-25,16610,2546,26188950
2024-06-26,16621,2559,26205571
2024-06-27,16554,2478,26222125
2024-06-28,16022,2522,26238147
2024-06-29,10023,2091,26248170
2024-06-30,11205,2277,26259375
2024-07-01,16037,2553,26275412
2024-07-02,14408,2514,26289820
2024-07-03,16489,2530,26306309
2024-07-04,16318,2484,26322627
2024-07-05,15941,2439,26338568
2024-07-06,8740,1916,26347308
2024-07-07,10164,2211,26357472
2024-07-08,15321,2492,26372793
2024-07-09,15968,2514,26388761
2024-07-10,16064,2499,26404825
2024-07-11,17284,2509,26422109
2024-07-12,15521,2498,26437630
2024-07-13,8417,1926,26446047
2024-07-14,12079,2343,26458126
2024-07-15,15132,2514,26473258
2024-07-16,15562,2511,26488820
2024-07-17,15916,2495,26504736
2024-07-18,15744,2505,26520480
2024-07-19,15604,2483,26536084
2024-07-20,8333,2003,26544417
2024-07-21,10345,2186,26554762
2024-07-22,14781,2477,26569543
2024-07-23,15073,2453,26584616
2024-07-24,15624,2405,26600240
2024-07-25,15746,2426,26615986
2024-07-26,15401,2383,26631387
2024-07-27,8564,1862,26639951
2024-07-28,10187,2160,26650138
2024-07-29,15916,2556,26666054
2024-07-30,15266,2450,26681320
2024-07-31,15276,2399,26696596
2024-08-01,15188,2390,26711784
2024-08-02,15598,2419,26727382
2024-08-03,8606,1874,26735988
2024-08-04,10375,2140,26746363
2024-08-05,14569,2387,26760932
2024-08-06,14993,2384,26775925
2024-08-07,12053,2321,26787978
2024-08-08,15879,2409,26803857
2024-08-09,14626,2383,26818483
2024-08-10,8379,1877,26826862
2024-08-11,9763,2132,26836625
2024-08-12,14249,2416,26850874
2024-08-13,15910,2563,26866784
2024-08-14,14389,2376,26881173
2024-08-15,13360,2344,26894533
2024-08-16,14308,2341,26908841
2024-08-17,8379,1874,26917220
2024-08-18,10197,2120,26927417
2024-08-19,14371,2410,26941788
2024-08-20,14786,2376,26956574
2024-08-21,15347,2378,26971921
2024-08-22,14703,2403,26986624
2024-08-23,14954,2417,27001578
2024-08-24,8535,1819,27010113
2024-08-25,11141,2146,27021254
2024-08-26,14400,2424,27035654
2024-08-27,14782,2412,27050436
2024-08-28,16120,2600,27066556
2024-08-29,15647,2506,27082203
2024-08-30,15511,2454,27097714
2024-08-31,8789,1898,27106503
2024-09-01,10952,2208,27117455
2024-09-02,15340,2444,27132795
2024-09-03,15535,2427,27148330
2024-09-04,15512,2439,27163842
2024-09-05,15931,2426,27179773
2024-09-06,15256,2416,27195029
2024-09-07,8700,1913,27203729
2024-09-08,10323,2216,27214052
2024-09-09,15034,2459,27229086
2024-09-10,15296,2444,27244382
2024-09-11,15625,2409,27260007
2024-09-12,16393,2584,27276400
2024-09-13,15602,2488,27292002
2024-09-14,8387,1867,27300389
2024-09-15,10132,2136,27310521
2024-09-16,14573,2418,27325094
2024-09-17,13461,2442,27338555
2024-09-18,15902,2428,27354457
2024-09-19,16153,2500,27370610
2024-09-20,15645,2388,27386255
2024-09-21,8777,1864,27395032
2024-09-22,11422,2154,27406454
2024-09-23,15632,2469,27422086
2024-09-24,15967,2440,27438053
2024-09-25,15466,2386,27453519
2024-09-26,12673,2399,27466192
2024-09-27,17591,2587,27483783
2024-09-28,8812,1899,27492595
2024-09-29,10472,2165,27503067
2024-09-30,15152,2462,27518219
2024-10-01,15478,2456,27533697
2024-10-02,14733,2294,27548430
2024-10-03,10727,2132,27559157
2024-10-04,14353,2360,27573510
2024-10-05,8132,1862,27581642
2024-10-06,10226,2131,27591868
2024-10-07,15055,2411,27606923
2024-10-08,15380,2413,27622303
2024-10-09,15187,2411,27637490
2024-10-10,15863,2451,27653353
2024-10-11,15026,2391,27668379
2024-10-12,9409,2008,27677788
2024-10-13,10834,2182,27688622
2024-10-14,14869,2373,27703491
2024-10-15,15033,2384,27718524
2024-10-16,14040,2315,27732564
2024-10-17,10426,2243,27742990
2024-10-18,15106,2402,27758096
2024-10-19,11646,1806,27769742
2024-10-20,15432,2133,27785174
2024-10-21,17824,2372,27802998
2024-10-22,17875,2389,27820873
2024-10-23,18489,2412,27839362
2024-10-24,17311,2382,27856673
2024-10-25,3835,1481,27860508
2024-10-26,4203,1422,27864711
2024-10-27,7890,1984,27872601
2024-10-28,18350,2378,27890951
2024-10-29,11205,2338,27902156
2024-10-30,16567,2467,27918723
2024-10-31,13502,2361,27932225
2024-11-01,9273,2260,27941498
2024-11-02,4942,1783,27946440
2024-11-03,5130,1857,27951570
2024-11-04,12329,2579,27963899
2024-11-05,22061,2713,27985960
2024-11-06,21756,2669,28007716
2024-11-07,21433,2656,28029149
2024-11-08,20692,2639,28049841
2024-11-09,12741,2089,28062582
2024-11-10,15012,2327,28077594
2024-11-11,22799,2662,28100393
2024-11-12,23987,2717,28124380
2024-11-13,23538,2717,28147918
2024-11-14,23590,2735,28171508
2024-11-15,24487,2789,28195995
2024-11-16,14782,2137,28210777
2024-11-17,17136,2430,28227913
2024-11-18,31096,2688,28259009
2024-11-19,23273,2696,28282282
2024-11-20,23161,2690,28305443
2024-11-21,23989,2723,28329432
2024-11-22,23452,2653,28352884
2024-11-23,15136,2109,28368020
2024-11-24,16524,2397,28384544
2024-11-25,22929,2705,28407473
2024-11-26,23301,2710,28430774
2024-11-27,23124,2678,28453898
2024-11-28,23583,2697,28477481
2024-11-29,22410,2695,28499891
2024-11-30,14794,2119,28514685
2024-12-01,17299,2411,28531984
2024-12-02,22845,2642,28554829
2024-12-03,23987,2705,28578816
2024-12-04,23812,2645,28602628
2024-12-05,23993,2695,28626621
2024-12-06,23598,2722,28650219
2024-12-07,15412,2132,28665631
2024-12-08,16893,2421,28682524
2024-12-09,22535,2697,28705059
2024-12-10,22431,2714,28727490
2024-12-11,23273,2702,28750763
2024-12-12,23616,2698,28774379
2024-12-13,23777,2710,28798156
2024-12-14,14719,2100,28812875
2024-12-15,17629,2303,28830504
2024-12-16,2,3,28830506
2024-12-18,17867,2656,28848373
2024-12-19,17911,2638,28866284
2024-12-20,8757,2077,28875041
2024-12-21,9031,2100,28884072
2024-12-22,10400,2331,28894472
2024-12-23,13950,2532,28908422
2024-12-24,8080,2085,28916502
2024-12-25,1781,320,28918283
2024-12-26,5497,1892,28923780
2024-12-27,13548,2512,28937328
2024-12-28,7955,2039,28945283
2024-12-29,10953,2298,28956236
2024-12-30,13240,2548,28969476
2024-12-31,9465,2115,28978941
2025-01-01,9279,2230,28988220
2025-01-02,12925,2422,29001145
2025-01-03,13384,2492,29014529
2025-01-04,8792,2049,29023321
2025-01-05,10963,2029,29034284
2025-01-06,13057,2261,29047341
2025-01-07,26013,2695,29073354
2025-01-08,34826,2683,29108180
2025-01-09,33295,2655,29141475
2025-01-10,32779,2672,29174254
2025-01-11,18399,2072,29192653
2025-01-12,20652,2254,29213305
2025-01-13,32483,2656,29245788
2025-01-14,33146,2728,29278934
2025-01-15,33032,2712,29311966
2025-01-16,31583,2710,29343549
2025-01-17,32790,2611,29376339
2025-01-18,18627,2084,29394966
2025-01-19,22062,2366,29417028
2025-01-20,31770,2682,29448798
2025-01-21,33738,2624,29482536
2025-01-22,31607,2653,29514143
2025-01-23,34546,2714,29548689
2025-01-24,33173,2703,29581862
2025-01-25,18139,2144,29600001
2025-01-26,22908,2324,29622909
2025-01-27,32738,2688,29655647
2025-01-28,34031,2744,29689678
2025-01-29,34206,2713,29723884
2025-01-30,34527,2723,29758411
2025-01-31,33461,2663,29791872
2025-02-01,19445,2176,29811317
2025-02-02,21524,2282,29832841
2025-02-03,32563,2669,29865404
2025-02-04,32515,2684,29897919
2025-02-05,32033,2652,29929952
2025-02-06,31906,2713,29961858
2025-02-07,32800,2625,29994658
2025-02-08,18383,2102,30013041
2025-02-09,21957,2375,30034998
2025-02-10,31694,2716,30066692
2025-02-11,33652,2658,30100344
2025-02-12,34403,2676,30134747
2025-02-13,34721,2680,30169468
2025-02-14,34345,2683,30203813
2025-02-15,19598,2111,30223411
2025-02-16,22812,2339,30246223
2025-02-17,32464,2674,30278687
2025-02-18,33154,2700,30311841
2025-02-19,33576,2674,30345417
2025-02-20,32058,2667,30377475
2025-02-21,34994,2770,30412469
2025-02-22,20900,2146,30433369
2025-02-23,30172,2577,30463541
2025-02-24,35183,2790,30498724
2025-02-25,33358,2699,30532082
2025-02-26,34307,2724,30566389
2025-02-27,34615,2695,30601004
2025-02-28,33821,2673,30634825
2025-03-01,19958,2106,30654783
2025-03-02,23356,2398,30678139
2025-03-03,32585,2677,30710724
2025-03-04,33110,2689,30743834
2025-03-05,33608,2650,30777442
2025-03-06,34082,2671,30811524
2025-03-07,33096,2715,30844620
2025-03-08,19820,2195,30864440
2025-03-09,22984,2426,30887424
2025-03-10,32359,2715,30919783
2025-03-11,33651,2727,30953434
2025-03-12,33594,2653,30987028
2025-03-13,33842,2739,31020870
2025-03-14,33454,2699,31054324
2025-03-15,17433,2148,31071757
2025-03-16,22644,2382,31094401
2025-03-17,32909,2700,31127310
2025-03-18,32863,2689,31160173
2025-03-19,32654,2640,31192827
2025-03-20,34202,2688,31227029
2025-03-21,32762,2625,31259791
2025-03-22,17355,2124,31277146
2025-03-23,21363,2327,31298509
2025-03-24,33906,2687,31332415
2025-03-25,33726,2635,31366141
2025-03-26,31895,2698,31398036
2025-03-27,33888,2654,31431924
2025-03-28,33868,2642,31465792
2025-03-29,19365,2083,31485157
2025-03-30,22914,2326,31508071
2025-03-31,32490,2689,31540561
2025-04-01,33839,2683,31574400
2025-04-02,34443,2664,31608843
2025-04-03,34325,2690,31643168
2025-04-04,33641,2642,31676809
2025-04-05,18939,2162,31695748
2025-04-06,22542,2363,31718290
2025-04-07,31025,2665,31749315
2025-04-08,33808,2690,31783123
2025-04-09,31874,2657,31814997
2025-04-10,17836,2640,31832833
2025-04-11,17795,2616,31850628
2025-04-12,10466,2135,31861094
2025-04-13,11960,2398,31873054
2025-04-14,17806,2667,31890860
2025-04-15,16958,2636,31907818
2025-04-16,17367,2616,31925185
2025-04-17,13788,2498,31938973
2025-04-18,12121,2251,31951094
2025-04-19,9529,1981,31960623
2025-04-20,8404,1976,31969027
2025-04-21,10870,2339,31979897
2025-04-22,11974,2543,31991871
2025-04-23,18229,2598,32010100
2025-04-24,16712,2567,32026812
2025-04-25,17111,2598,32043923
2025-04-26,10254,2152,32054177
2025-04-27,11983,2335,32066160
2025-04-28,17266,2668,32083426
2025-04-29,15842,2648,32099268
2025-04-30,17580,2590,32116848
2025-05-01,12513,2327,32129361
2025-05-02,16944,2622,32146305
2025-05-03,10369,2107,32156674
2025-05-04,12017,2329,32168691
2025-05-05,17552,2634,32186243
2025-05-06,17814,2602,32204057
2025-05-07,17803,2625,32221860
2025-05-08,18592,2596,32240452
2025-05-09,18137,2605,32258589
2025-05-10,10653,2149,32269242
2025-05-11,12185,2344,32281427
2025-05-12,17185,2651,32298612
2025-05-13,15710,2642,32314322
2025-05-14,17462,2617,32331784
2025-05-15,18777,2634,32350561
2025-05-16,17937,2605,32368498
2025-05-17,11135,2136,32379633
2025-05-18,12679,2330,32392312
2025-05-19,18430,2613,32410742
2025-05-20,17675,2653,32428417
2025-05-21,17862,2614,32446279
2025-05-22,18590,2661,32464869
2025-05-23,18536,2655,32483405
2025-05-24,10173,2118,32493578
2025-05-25,11675,2344,32505253
2025-05-26,16994,2639,32522247
2025-05-27,16775,2610,32539022
2025-05-28,15933,2578,32554955
2025-05-29,11430,2187,32566385
2025-05-30,16228,2581,32582613
2025-05-31,9810,2103,32592423
2025-06-01,11657,2322,32604080
2025-06-02,16950,2613,32621030
2025-06-03,17588,2616,32638618
2025-06-04,17696,2564,32656314
2025-06-05,17916,2633,32674230
2025-06-06,17425,2571,32691655
2025-06-07,10308,2078,32701963
2025-06-08,9188,2068,32711151
2025-06-09,10720,2274,32721871
2025-06-10,14856,2566,32736727
2025-06-11,22555,2568,32759282
2025-06-12,25851,2650,32785133
2025-06-13,27303,2598,32812436
2025-06-14,10182,2072,32822618
2025-06-15,12085,2306,32834703
2025-06-16,17950,2615,32852653
2025-06-17,17185,2585,32869838
2025-06-18,16350,2517,32886188
2025-06-19,13703,2328,32899891
2025-06-20,14667,2590,32914558
2025-06-21,13523,2050,32928081
2025-06-22,16426,2290,32944507
2025-06-23,32908,2622,32977415
2025-06-24,31473,2627,33008888
2025-06-25,28490,2632,33037378
2025-06-26,33725,2617,33071103
2025-06-27,32826,2627,33103929
2025-06-28,19703,2118,33123632
2025-06-29,21523,2344,33145155
2025-06-30,33085,2657,33178240
2025-07-01,34352,2602,33212592
2025-07-02,33417,2613,33246009
2025-07-03,32725,2619,33278734
2025-07-04,31636,2570,33310370
2025-07-05,18969,2088,33329339
2025-07-06,21591,2227,33350930
2025-07-07,30750,2574,33381680
2025-07-08,32131,2524,33413811
2025-07-09,31953,2564,33445764
2025-07-10,31175,2582,33476939
2025-07-11,30997,2524,33507936
2025-07-12,17804,2024,33525740
2025-07-13,21207,2216,33546947
2025-07-14,28814,2595,33575761
2025-07-15,27925,2548,33603686
2025-07-16,28172,2553,33631858
2025-07-17,30550,2520,33662408
2025-07-18,29451,2469,33691859
2025-07-19,17373,1988,33709232
2025-07-20,18878,2245,33728110
2025-07-21,25841,2553,33753951
2025-07-22,30875,2546,33784826
2025-07-23,30408,2551,33815234
2025-07-24,30725,2535,33845959
2025-07-25,29736,2497,33875695
2025-07-26,17775,1949,33893470
2025-07-27,20029,2221,33913499
2025-07-28,29668,2576,33943167
2025-07-29,29993,2581,33973160
2025-07-30,30685,2548,34003845
2025-07-31,30838,2512,34034683
2025-08-01,29142,2493,34063825
2025-08-02,13880,1976,34077705
2025-08-03,15617,2191,34093322
2025-08-04,29551,2481,34122873
2025-08-05,28950,2499,34151823
2025-08-06,29363,2528,34181186
2025-08-07,29940,2579,34211126
2025-08-08,29228,2492,34240354
2025-08-09,17590,1990,34257944
2025-08-10,19999,2153,34277943
2025-08-11,28770,2507,34306713
2025-08-12,29232,2498,34335945
2025-08-13,29598,2509,34365543
2025-08-14,28896,2551,34394439
2025-08-15,27541,2455,34421980
2025-08-16,17142,1998,34439122
2025-08-17,19860,2282,34458982
2025-08-18,29050,2545,34488032
2025-08-19,27842,2564,34515874
2025-08-20,17432,2487,34533306
